# Electron beam PSF for BEAMER proximity correction
# Generated from Geant4 simulation by EBL GUI
# Source: psf_E100keV_beam2.0nm_resist60nm_AluconeXPS_run001.csv
# Beam energy: 100.0 keV
# Format: radius(um) relative_energy_deposition
# PSF normalized to maximum = 1.0
#
5.210000e-04 1.000000e+00
5.650000e-04 9.124648e-01
6.130000e-04 8.727153e-01
6.650000e-04 8.434829e-01
7.210000e-04 8.111720e-01
7.820000e-04 7.683534e-01
8.490000e-04 7.191119e-01
9.200000e-04 6.652670e-01
9.990000e-04 6.032284e-01
1.083000e-03 5.493536e-01
1.175000e-03 4.873682e-01
1.275000e-03 4.220060e-01
1.383000e-03 3.586965e-01
1.500000e-03 2.945619e-01
1.627000e-03 2.357137e-01
1.765000e-03 1.798380e-01
1.915000e-03 1.316911e-01
2.077000e-03 9.291481e-02
2.253000e-03 6.229053e-02
2.444000e-03 3.976952e-02
2.651000e-03 2.455468e-02
2.876000e-03 1.476046e-02
3.120000e-03 8.399658e-03
3.384000e-03 5.004348e-03
3.671000e-03 3.139701e-03
3.982000e-03 1.991504e-03
4.320000e-03 1.301606e-03
4.686000e-03 9.194217e-04
5.084000e-03 6.261252e-04
5.514000e-03 4.563505e-04
5.982000e-03 3.141180e-04
6.489000e-03 2.320926e-04
7.039000e-03 1.723173e-04
7.636000e-03 1.340223e-04
8.283000e-03 9.547774e-05
8.986000e-03 8.257409e-05
9.747000e-03 5.889230e-05
1.057400e-02 5.088929e-05
1.147000e-02 4.133710e-05
1.244300e-02 3.666071e-05
1.349700e-02 3.200629e-05
1.464200e-02 2.668688e-05
1.588300e-02 2.219627e-05
1.722900e-02 1.909407e-05
1.869000e-02 1.712190e-05
2.027400e-02 1.575444e-05
2.199300e-02 1.338160e-05
2.385800e-02 1.182081e-05
2.588000e-02 1.000530e-05
2.807400e-02 9.188246e-06
3.045400e-02 7.564595e-06
3.303600e-02 6.418967e-06
3.583700e-02 4.814625e-06
3.887500e-02 4.400487e-06
4.217100e-02 3.646540e-06
4.574600e-02 2.840182e-06
4.962400e-02 2.441969e-06
5.383100e-02 1.792194e-06
5.839400e-02 1.350167e-06
6.334500e-02 1.138627e-06
6.871500e-02 9.629750e-07
7.454100e-02 7.203813e-07
8.086000e-02 5.955076e-07
8.771500e-02 4.446312e-07
9.515100e-02 4.177474e-07
1.032170e-01 3.233588e-07
1.119680e-01 2.272303e-07
1.214600e-01 1.924982e-07
1.317570e-01 1.664933e-07
1.429270e-01 1.297145e-07
1.550440e-01 1.030498e-07
1.681880e-01 9.212128e-08
1.824460e-01 6.776562e-08
1.979130e-01 5.196623e-08
2.146920e-01 4.684806e-08
2.328920e-01 3.705463e-08
2.526360e-01 3.038765e-08
2.740540e-01 2.706550e-08
2.972870e-01 2.083349e-08
3.224900e-01 1.706732e-08
3.498290e-01 1.312385e-08
3.794860e-01 9.804897e-09
4.116580e-01 8.647722e-09
4.465570e-01 8.333680e-09
4.844140e-01 6.702182e-09
5.254810e-01 6.272587e-09
5.700290e-01 3.893318e-09
6.183540e-01 4.496269e-09
6.707760e-01 3.175037e-09
7.276420e-01 3.006538e-09
7.893290e-01 2.529183e-09
8.562450e-01 2.580009e-09
9.288350e-01 1.631711e-09
1.007578e+00 1.686240e-09
1.092997e+00 1.226604e-09
1.185657e+00 1.108045e-09
1.286173e+00 8.970307e-10
1.395210e+00 7.634386e-10
1.513491e+00 5.864447e-10
1.641799e+00 5.412598e-10
1.780984e+00 5.275936e-10
1.931970e+00 4.655535e-10
2.095755e+00 4.258820e-10
2.273425e+00 3.999926e-10
2.466158e+00 2.800843e-10
2.675230e+00 2.912921e-10
2.902026e+00 2.205121e-10
3.148049e+00 2.483304e-10
3.414929e+00 1.986982e-10
3.704434e+00 2.044254e-10
4.018483e+00 1.860421e-10
4.359155e+00 1.840594e-10
4.728708e+00 1.476034e-10
5.129591e+00 1.537628e-10
5.564458e+00 1.609848e-10
6.036193e+00 1.506216e-10
6.547919e+00 1.348049e-10
7.103028e+00 1.293807e-10
7.705196e+00 1.188324e-10
8.358414e+00 1.288337e-10
9.067010e+00 1.135016e-10
9.835678e+00 1.125295e-10
1.066951e+01 1.117394e-10
1.157403e+01 1.086054e-10
1.255524e+01 1.062415e-10
1.361962e+01 1.042441e-10
1.477425e+01 1.016511e-10
1.602675e+01 1.002328e-10
1.738544e+01 9.714618e-11
1.885931e+01 9.349963e-11
2.045814e+01 8.993676e-11
2.219250e+01 8.422888e-11
2.407390e+01 7.684763e-11
2.611480e+01 6.836144e-11
2.832872e+01 5.938399e-11
3.073032e+01 4.941308e-11
3.333553e+01 3.989917e-11
3.616159e+01 3.043071e-11
3.922724e+01 2.146176e-11
4.255278e+01 1.364042e-11
4.616024e+01 7.851887e-12
5.007354e+01 3.727605e-12
5.431859e+01 1.468608e-12
